0.095324,0.615152,0.244652,0.044872
0.169277,0.137317,0.580037,0.113370
0.178652,0.118750,0.102250,0.600348
0.203834,0.163295,0.006250,0.626621
0.803333,0.103333,0.000000,0.093333
0.033000,0.431818,0.314182,0.221000
0.238462,0.220000,0.530000,0.011538
0.088041,0.651308,0.220541,0.040110
0.100962,0.560865,0.201635,0.136538
0.228054,0.170588,0.589819,0.011538
0.133000,0.210000,0.096000,0.561000
0.080349,0.484874,0.406206,0.028571
0.704342,0.107255,0.094118,0.094286
0.096833,0.361357,0.427964,0.113846
0.050962,0.692115,0.195385,0.061538
0.065247,0.490675,0.309524,0.134554
0.448205,0.084103,0.053846,0.413846
0.083333,0.722083,0.086250,0.108333
0.250943,0.119048,0.398661,0.231348
0.100962,0.311806,0.450694,0.136538
0.536809,0.161800,0.094118,0.207273
0.445960,0.226768,0.000000,0.327273
0.038462,0.775556,0.130000,0.055983
0.052747,0.614286,0.092857,0.240110
0.748205,0.064103,0.053846,0.133846
0.123761,0.350769,0.133846,0.391624
0.095652,0.200000,0.000000,0.704348
0.134007,0.019048,0.741421,0.105524
0.449573,0.437374,0.068182,0.044872
0.222024,0.351603,0.272894,0.153480
0.333700,0.474603,0.126190,0.065507
0.103238,0.359048,0.172190,0.365524
0.038462,0.100000,0.850000,0.011538
0.145652,0.224306,0.006250,0.623792
0.603333,0.103333,0.000000,0.293333
0.095238,0.374603,0.476190,0.053968
0.201538,0.030769,0.053846,0.713846
0.085714,0.000000,0.000000,0.914286
0.769048,0.016667,0.000000,0.214286
0.218182,0.263434,0.000000,0.518384
0.488462,0.202083,0.222917,0.086538
0.518033,0.068750,0.106250,0.306967
0.046462,0.620000,0.226000,0.107538
0.340319,0.068750,0.102250,0.488681
0.332319,0.268750,0.006250,0.392681
0.704342,0.107255,0.094118,0.094286
0.238462,0.220000,0.130000,0.411538
0.092760,0.173333,0.562368,0.171538
0.008000,0.400000,0.496000,0.096000
0.139683,0.756421,0.094372,0.009524
0.058962,0.420833,0.362667,0.157538
0.301515,0.291212,0.000000,0.407273
0.384261,0.085315,0.053846,0.476578
0.083333,0.522083,0.286250,0.108333
0.240890,0.454231,0.116007,0.188872
0.337815,0.000000,0.347899,0.314286
0.168714,0.118750,0.302250,0.410286
0.632319,0.068750,0.106250,0.192681
0.083000,0.238750,0.182250,0.496000
0.469048,0.133333,0.000000,0.397619
0.525714,0.068750,0.006250,0.399286
0.065247,0.357341,0.487302,0.090110
0.179703,0.101357,0.665094,0.053846
0.093714,0.120000,0.576000,0.210286
0.025000,0.756434,0.033566,0.185000
0.152101,0.215152,0.632748,0.000000
0.304541,0.040000,0.000000,0.655459
0.341700,0.119048,0.422190,0.117062
0.238462,0.515152,0.234848,0.011538
0.120362,0.221357,0.604434,0.053846
0.114286,0.747619,0.042857,0.095238
0.156777,0.231635,0.548218,0.063370
0.240293,0.264103,0.392125,0.103480
0.306349,0.556421,0.094372,0.042857
0.085684,0.454615,0.145385,0.314316
0.145238,0.269616,0.500622,0.084524
0.269048,0.332853,0.110096,0.288004
0.071462,0.531818,0.164182,0.232538
0.008000,0.220000,0.476000,0.296000
0.288462,0.383902,0.241098,0.086538
0.550501,0.123295,0.006250,0.319954
0.118714,0.050000,0.096000,0.735286
0.061991,0.337374,0.589097,0.011538
0.187998,0.303663,0.487276,0.021062
0.083000,0.118750,0.102250,0.696000
0.335294,0.190588,0.394118,0.080000
0.113834,0.054545,0.200000,0.631621
0.033000,0.050000,0.296000,0.621000
0.686667,0.120000,0.100000,0.093333
0.235294,0.190588,0.494118,0.080000
0.183333,0.514671,0.128278,0.173718
0.058824,0.592406,0.288770,0.060000
0.200000,0.453333,0.000000,0.346667
0.375714,0.175556,0.000000,0.448730
0.241636,0.319048,0.126190,0.313126
0.163922,0.300866,0.240372,0.294840
0.186667,0.184615,0.415385,0.213333
0.171795,0.581818,0.234848,0.011538
0.378986,0.224306,0.184028,0.212681
0.236667,0.508750,0.006250,0.248333
0.093714,0.400000,0.096000,0.410286
0.336809,0.161800,0.094118,0.407273
0.955714,0.016667,0.000000,0.027619
0.000000,0.600000,0.200000,0.200000
0.149580,0.497461,0.259003,0.093956
0.128462,0.372790,0.252210,0.246538
0.704541,0.000000,0.000000,0.295459
0.075000,0.563365,0.101635,0.260000
0.504342,0.307255,0.094118,0.094286
0.290319,0.000000,0.096000,0.613681
0.370427,0.170769,0.053846,0.404957
0.393857,0.099519,0.060096,0.446527
0.133700,0.685481,0.159757,0.021062
0.718627,0.107255,0.094118,0.080000
0.195998,0.119048,0.567892,0.117062
0.486667,0.060000,0.000000,0.453333
0.145652,0.108750,0.006250,0.739348
0.155922,0.485481,0.159757,0.198840
0.103238,0.400866,0.190372,0.305524
0.506763,0.155556,0.000000,0.337681
0.000000,0.120000,0.080000,0.800000
0.273611,0.276389,0.216667,0.233333
0.786667,0.133333,0.000000,0.080000
0.100962,0.398472,0.364028,0.136538
0.092760,0.500000,0.395701,0.011538
0.230928,0.218648,0.053846,0.496578
0.466387,0.285315,0.053846,0.194452
0.257874,0.200000,0.000000,0.542126
0.532319,0.068750,0.006250,0.392681
0.290319,0.200000,0.096000,0.413681
0.421008,0.290588,0.194118,0.094286
0.075000,0.578750,0.086250,0.260000
0.145652,0.068750,0.006250,0.779348
0.063462,0.716434,0.083566,0.136538
0.178755,0.233333,0.538278,0.049634
0.073184,0.587500,0.100000,0.239316
0.250962,0.507500,0.180000,0.061538
0.118182,0.343434,0.000000,0.538384
0.038462,0.442222,0.507778,0.011538
0.163834,0.278851,0.006250,0.551065
0.532319,0.108750,0.006250,0.352681
0.128054,0.370588,0.489819,0.011538
0.061538,0.230769,0.453846,0.253846
0.200000,0.245055,0.146703,0.408242
0.340319,0.068750,0.202250,0.388681
0.344310,0.106548,0.393619,0.155524
0.063462,0.716434,0.083566,0.136538
0.089593,0.070588,0.839819,0.000000
0.318627,0.107255,0.294118,0.280000
0.158152,0.556250,0.056250,0.229348
0.330952,0.218567,0.186287,0.264194
0.258532,0.206548,0.297619,0.237302
0.672381,0.120000,0.100000,0.107619
0.066063,0.070588,0.863348,0.000000
0.190000,0.428750,0.086250,0.295000
0.518627,0.107255,0.094118,0.280000
0.262319,0.000000,0.000000,0.737681
0.068182,0.278851,0.006250,0.646717
0.035294,0.070588,0.794118,0.100000
0.398890,0.219048,0.172190,0.209872
0.063462,0.716434,0.083566,0.136538
0.247253,0.050769,0.053846,0.648132
0.219277,0.206067,0.386287,0.188370
0.238462,0.515152,0.234848,0.011538
0.095238,0.574603,0.276190,0.053968
0.071795,0.615152,0.068182,0.244872
0.095652,0.000000,0.000000,0.904348
0.204200,0.275298,0.278440,0.242062
0.145652,0.224306,0.006250,0.623792
0.462319,0.000000,0.000000,0.537681
0.088462,0.406124,0.418876,0.086538
0.163922,0.119048,0.222190,0.494840
0.128054,0.370588,0.489819,0.011538
0.328054,0.170588,0.489819,0.011538
0.050962,0.547500,0.180000,0.221538
0.157738,0.330853,0.332440,0.178968
0.158278,0.210101,0.000000,0.631621
0.038462,0.900000,0.050000,0.011538
0.369048,0.353333,0.000000,0.277619
0.363682,0.201541,0.406206,0.028571
0.145652,0.108750,0.006250,0.739348
0.156777,0.249817,0.530037,0.063370
0.113834,0.054545,0.000000,0.831621
0.862319,0.000000,0.000000,0.137681
0.063462,0.716434,0.083566,0.136538
0.326627,0.107255,0.190118,0.376000
0.472381,0.200000,0.200000,0.127619
0.155985,0.415152,0.283229,0.145634
0.139683,0.374603,0.476190,0.009524
0.286667,0.120000,0.400000,0.193333
0.318627,0.107255,0.394118,0.180000
0.383333,0.353333,0.000000,0.263333
0.097285,0.374629,0.516548,0.011538
0.095406,0.743056,0.100000,0.061538
0.050962,0.529722,0.357778,0.061538
0.440524,0.232853,0.060096,0.266527
0.128652,0.250000,0.096000,0.525348
0.012500,0.792115,0.145385,0.050000
0.062626,0.210101,0.000000,0.727273
0.095238,0.756421,0.094372,0.053968
